426362.8548206702
664420.6314892954
480981.2800446439
335571.9506936352
382394.3850124851
668014.9412939739
497032.7433245633
385343.74460220867
496594.7445501122
294819.6469782137
263738.19480012887
214279.5873240257
260460.58622670436
327270.34107775544
290355.7387021084
319237.54007157625
313427.94238655793
358142.6971464843
391188.5201513639
255883.66380367003
290544.8332128521
371980.3647996484
397979.53793007537
342234.72575964907
305436.56362644455
285709.4692957344
226598.76844832365
274127.8219828701
225027.72046962145
334850.857991686
281819.16178761487
191426.85804799484
233409.96116732818
403747.9080184356
340158.032594954
358322.29019426415
314434.4031573413
290168.6108453218
241571.37859806727
212198.40668747606
272309.7982674538
231187.79275054787
219525.66910937117
202984.40748712193
245224.32127219508
242066.57117453817
373878.6874297278
296800.82569073443
324277.4309714449
281808.7139745704
246275.22740701854
225701.5010761334
417263.7331772477
344256.4872731554
328287.8031317259
325570.3374813276
315613.44681881357
270557.3637266892
312919.7091416501
384007.27759737044
228548.07120311848
342686.66502522025
383270.79139907076
293587.1840001895
234199.63964283175
236220.0569328521
349754.45324567973
449032.1360509535
260148.10531331378
361354.85064004554
268630.47439464193
321074.395478726
200422.52548582817
208910.71086151057
250679.80691118684
258148.64597705993
212626.91966792225
191981.29067372618
185286.58747785032
193503.7958653199
241168.34139676497
180432.8918140125
244224.07906212597
161364.2527845153
221505.1526677654
236676.1405216964
247616.11919326615
214114.89410825164
224679.9243535253
231476.8749260407
199448.79346736494
264316.0354835365
205560.3531053402
231485.74572057885
289219.3924663636
277126.11008199176
203801.04873653132
210417.75442395857
273539.50808813964
278961.7549831715
301838.34343291266
288254.953277283
251610.64209785854
282420.4066612848
285727.0890455555
253553.73316334895
195732.2113896225
208527.43311844923
231088.15623040035
237731.786169064
290578.12806456257
308015.1657572188
379308.9363277175
202041.98251068467
310879.88196054136
314044.58688008535
310706.8248435793
332587.36593906797
283911.1512410042
242392.38041544898
312291.77147136163
320378.03710015945
447230.0001244687
350700.8921207192
378694.5293489701
290600.8096924471
319886.0940437203
483619.94693825877
453223.311964795
252619.67939250573
250890.87589133432
295710.98317646055
183243.38122869428
207011.2857543288
232926.4935636802
221497.61651649396
233859.689656906
212689.75204265933
337974.76632664294
213802.01500742906
329456.4739292208
281415.788744074
260420.67104033852
573894.673401485
267227.9318840804
205099.89611128194
249190.37386671672
232293.9975544011
232762.17949282896
276383.3025070292
285105.5047777834
315583.3568361652
325269.63631678023
230586.6712671778
229736.9741468146
219551.46208276588
277859.1352307979
348913.08762647153
312791.57188714977
270595.50900945906
276667.9708198486
318244.36810470186
345801.1556563872
209008.16413837025
314749.2589867596
279619.26308017306
306562.14778538194
205916.30743054673
193769.46580514178
320682.4038632216
358600.1592090902
392754.7848477047
295061.5439069774
227564.30837985498
200485.1999076577
288364.0558282521
279131.23978998495
264071.56996489357
256443.88676328043
284687.9081930757
255277.54511328827
245843.94316542795
246477.0623822265
270615.3310224715
258603.74473944388
301624.8569297124
307082.5708535118
291006.5585006842
297128.84057840833
287248.1808060822
282061.36545141716
263766.08847829164
284351.1791655984
283649.6414507962
310797.233197655
290088.7320576524
202561.8152528588
252817.5694707825
226830.85646531938
274124.9797729214
227338.43929903925
227821.4457763511
227866.06676517325
244552.51187128742
255372.84739066625
278048.58104644384
291507.8444308624
183174.64764718892
264216.2152626093
200153.62580764256
163833.4020249172
257926.87143884983
258129.56231418648
260563.81493829688
261408.58148343238
281860.2024424292
273240.75724566466
286810.13786697283
230808.50042280304
154836.79717057815
224268.65754453966
210512.13703538803
227310.20390423428
210550.8838455147
231849.9509940289
223441.47524208383
176898.7624592972
204183.2357138695
220189.28098596394
199555.34049682238
168895.95996486722
242243.86074570182
186701.1459868861
165131.67166376673
202047.52421968093
196194.22317008377
172778.0991167875
172897.36562873638
207225.6655607191
242549.62778093742
205262.33302391117
165947.04160060483
192644.82975612025
196802.90923086763
170791.66089467815
209741.3250683376
49171.414450840675
286562.120729099
187199.9206303355
174656.2337274488
207413.39455976506
241180.83336866787
223756.8317599338
146157.6074413523
283205.46451168007
274119.2607249813
260628.118427463
215903.01401967206
218073.29295402663
219716.8814275015
220894.238709507
268589.0085231081
245077.11425757746
203248.51333503588
203781.471311015
239074.2012375121
193633.26267025314
260714.3443700525
228474.15587178367
256933.50704556148
252096.87006083204
287452.6629612753
307357.8089360969
287721.23539067083
285233.361972281
255042.40963564708
286320.2618490068
235267.49310833646
268466.8300151465
290928.4297336218
313896.0583889362
263818.4821101118
328895.7080443131
376315.20864206424
309688.4726667067
292622.20189556864
335573.26836443256
300653.88065913005
253529.056748192
263107.40978548315
349785.1954147431
189135.05942169367
179258.33642295166
13904.89041003953
263657.2579459711
283894.3976712845
268504.53021090204
253338.23268119944
341411.626616632
322115.67010776245
270080.46685455146
345077.27708897856
330364.80756807607
391813.2441325652
369068.168278475
350686.09124548704
317055.6950616093
307959.28985340596
302670.18373232894
331309.47517560935
254940.91347984946
165158.56869923178
163480.8870471696
171710.35083554883
359624.6278790685
295238.0701341314
356686.1702557091
252744.87358434167
309778.6831993143
235010.86829597957
237502.55127713404
269739.9772320284
215479.37625812623
210148.37416460924
211233.766725823
309915.2737841025
468098.78411082964
482274.0445465505
301641.9521048052
281241.70582892845
320265.2382681286
265557.8746537538
296235.1997028864
281044.97229173814
174789.65652897037
183902.55788674677
202082.0869687784
199061.57654017664
199266.0514297529
195340.2905475459
226714.54414173315
221219.27923238778
175091.99135233273
185752.19087246642
235500.37589372662
266084.0655466109
304452.38661211357
284622.9223497915
224103.02361516643
298173.1460591572
238653.67392537213
207824.28971259028
184662.17398949637
280101.16959606565
297707.6229663295
225956.71448199183
217939.33172404638
132522.18811961418
237464.67631520712
166954.43959317304
141726.04051116004
192208.13132065104
87023.90074627873
172503.2511392756
178305.74962433372
123590.40613599741
158391.09841543928
172543.37582590652
230855.73320846655
215248.48665295012
187217.9209504655
183345.4397784239
180548.65881110076
236667.59096007727
191133.41108640755
170978.21537175207
187113.17231599294
183868.69492824748
334187.5344551889
145660.71424029456
157980.31330110488
182379.2968346474
167556.2307222828
159363.86305764498
117973.7634575444
174691.29408323398
165898.7292913451
148967.93588049305
184982.2668100291
190211.6946373548
154376.924301716
169496.02116148442
150136.9024560182
176158.0396421121
142536.32958783247
197234.42892120813
261356.40629583073
324026.270647797
225014.03141354342
201830.29732009274
209256.53363924852
201001.340194437
169453.30949469906
277579.13216416736
229988.85266752134
216960.40266299195
169507.9611999874
170512.21126336005
253795.18593299907
281170.2533632258
227561.6301731569
250200.44618393574
176465.4257432074
205899.08095521148
277740.385384218
195748.6019835805
264609.53564659634
186313.0105274546
293576.57012712164
319898.12542235944
249122.40673702303
223473.18176342265
250965.05489838118
279437.28099523776
266425.6205050761
249499.30721269158
228621.99215781648
216896.03372818875
214032.19529886913
254101.78464150784
315866.328665065
258015.3054690475
245297.77938004327
290034.32654461043
313225.29735855863
255539.62614181347
249285.56854896748
302740.9095864268
289940.76124544325
192691.9781741277
373716.47306267486
332296.2784895414
273073.5125625053
295121.368074329
374507.006362736
288709.0721933156
240909.5950625295
328158.573850381
294617.927212282
262510.3209152926
300948.6979626529
269955.7919890606
277972.69401412853
236635.2484138119
229055.8719240245
272648.71440665424
255168.29403889203
290809.6134939053
295056.2932103985
279004.64391335956
185999.41016801968
246727.09276783626
268096.3337825696
262025.18992851552
248574.4929671287
249923.79948450022
308711.7240944146
249685.8288572134
362448.36018898804
276519.11700847215
274608.37186749943
322490.50701460347
264753.2124411281
294331.54643337935
255393.69915098834
272527.9458258305
315156.5767807658
255640.376048794
281031.04898819147
233228.13706206006
304645.7389915058
279705.230729289
229117.4924707805
224329.30057783928
237940.38097960677
180194.94478428602
264745.28163850144
247236.30269762076
254701.8768335654
311713.86003873916
281384.72621939785
240955.94058720945
229738.86431874605
290431.8025626694
274965.260131218
287343.3424048033
269522.6857553376
171513.26176104794
168389.26203948449
151837.2402863678
193185.4619964931
158444.66659495846
161502.5955926368
213921.40388867806
169254.4612997115
185943.28254985716
203876.06968098413
104547.96233847739
224208.78252941807
93060.24395394232
224887.28607500216
187580.49437579978
230345.42087014808
185775.08070184063
202829.6580472638
265041.4228449725
209548.68060573726
176319.39840728958
179820.00732110205
202600.6698951606
225662.14986773155
211368.99722288692
158464.4173477813
219646.73625261022
255710.42976327625
248436.26516696913
238538.9840608228
228254.11348403024
164221.4134629423
201420.57755894616
190481.20609089415
202663.62295307033
183563.3349420444
224470.07381184163
160382.38361245365
169620.3147429681
249552.7081944302
198989.95483611996
209773.8112382732
167091.1324873746
137240.60128709214
196036.9262122593
234114.85880466565
255516.67484820134
247048.71725717495
263622.3905410644
233046.7794664738
269746.2008733643
339641.19998568355
369231.35314796976
305446.8301132348
322528.80286105216
290846.3564806861
292672.15798740304
245273.46672025524
262869.8356209425
285957.4658678478
240892.0330847593
231226.47173824094
234350.02378326264
238504.7747160905
278308.27836863877
242329.19454955254
236575.08587974965
258465.8156443726
218040.57696350588
232224.21272151193
237028.07617778578
225517.2490945924
246021.4190375652
305700.43396522105
259646.50484917057
241956.0131950188
299213.34135690477
281616.9395992086
304238.85003171605
320160.9096092165
287285.4182771234
183697.31263872725
317588.362442121
240057.46413259127
208936.63163095556
178368.6100244278
165654.9158674098
109772.24524231954
162431.12519228668
160580.62923973263
185845.56642251345
202018.6616252333
244033.70609340238
225175.11661487422
159803.99930458207
174374.40070975758
108270.75764820275
173661.91737612803
203146.4405289322
164631.65189936254
175284.45768457634
149532.6978504363
115189.58442094136
115789.22174970248
71383.3435665371
79464.21241367282
168469.78199302318
168758.07600630977
189494.94103089953
167223.8462066319
234430.4202017948
201260.85039063398
220024.39775711304
263355.5037994994
216637.3851212939
252006.38479347812
178876.74349312027
238795.3400542565
196123.42069532213
211282.97911405086
212758.32811538092
225227.6435751139
165489.34784282793
180046.50324180862
141882.71920808713
235798.65835603353
238522.11558713645
201547.12308859566
192099.17759390426
207020.77886974797
352148.0278071639
308155.0917629036
285751.7953364093
544021.3218297294
327366.07352203113
338795.4810671142
252566.53528923786
342152.50490925834
236170.57827746426
265462.98663247784
228452.93215858782
250577.55252258523
298731.5710558317
294442.1769381641
309919.981953662
291436.3864897239
203959.26264976792
251101.14142364246
259474.21298886428
281136.77129166375
328330.4553965137
321381.73525997915
277588.73148403293
207173.89787635085
139081.37183983432
102768.29207714736
231185.51250135605
294516.35866857646
272427.7502377713
234652.95715797952
293912.76690353383
273949.37049645995
262224.673619234
301600.4506511124
307140.5977526296
263598.56017786637
265423.826060222
262419.15694944013
279332.4802121211
331637.9429197657
284990.73679676885
283201.2773743941
259026.314466669
379366.8772665677
178102.7825711879
259346.76398691797
280484.26431917207
325945.20649653097
262532.72517739213
261957.86767490156
215743.31065498435
291114.7235944355
249719.2693352328
248931.74347267533
217305.85433434555
262219.5401570671
260694.81417672033
439112.509854515
464625.5840815239
227921.23553600846
303988.52221599576
661256.5760455253
197514.61046862786
261237.01680038637
275167.4825439632
255959.39373410685
212540.40370891313
254572.35884605977
360945.999923696
227477.79929207673
237086.26046023634
241894.52448512212
252739.44243285322
238566.950960695
182104.58686917805
163625.59007893645
223783.97116526114
236313.68881667362
261419.0701701363
251973.66896153888
232906.5276636799
280759.8292771491
237451.61404998816
239772.68381120818
290164.1020459522
204213.6728402982
276389.76103428134
238756.99804342323
282508.05732398055
235960.32166068617
223711.95683519662
191642.97967927178
242425.40980838856
254109.1896824399
194662.42212028432
205144.6286333161
193474.7905696187
194396.2216317075
216746.0592780597
202927.05767318516
173565.97833641147
220981.7367116745
247668.64994812937
245369.80991034204
269157.56211025873
235230.3278941671
298126.4694261487
301359.16343315644
240155.02958399954
260004.2226907757
220574.7608992659
319350.29657991056
253836.76163341908
242770.83955108048
291118.5113321937
376580.0300721575
270978.960415281
253186.97409509076
269053.8227021531
216856.46501934633
287489.03393225267
215717.7143939318
257830.85002966723
290901.07331326726
248185.82370393004
250619.17176766298
282103.64145772153
311150.5938993317
248011.94429423878
235859.31201902704
230303.94452494214
277422.28866887116
203627.43912248767
161626.58544011947
178831.01076526975
229425.08913662945
219266.52478871268
269652.0481284758
196981.16503802536
239298.9591950002
235268.78950396925
226176.56163012533
263827.95786586404
285259.5785792133
250543.30902546115
185781.02946568595
263590.70776136185
268559.5589656203
238174.31028994764
259472.97606848934
302585.4018315663
307629.8484201608
209213.8977845628
223831.95109992928
311004.22148099524
311847.646485692
286083.2797106401
301479.3812320142
275911.25106114347
305492.91707432666
261820.92109445992
234980.44706481748
315492.62813193235
290277.8560795444
292569.15655759984
349087.46522289934
264024.7066065776
295834.767902517
301715.83356286713
291572.8716571019
281373.703897864
223957.1566292083
255164.42164565861
185068.76274070953
344817.8270702562
282130.9724500828
323605.9840606364
215856.42168142772
244082.14295900933
198134.33435144665
265922.3643977868
225322.8413556441
321655.06668396556
240897.3038320582
207997.29539282093
234429.51351596508
263993.01980126824
240487.1408105982
230482.3482044981
142389.79819409267
245894.35647852934
253735.96618159564
231778.24561546935
269160.4791797968
258553.4980869001
371385.16769708705
222635.7457780078
286257.98233121925
317684.65997112676
259457.19364794056
214995.21434644092
288522.50971681194
289090.61550505814
279152.8129728889
325964.5656365836
236252.96144794495
271679.61902147013
265908.51948925527
279365.2957316605
219677.39289615056
294399.1333861123
271114.3523466968
284314.838792813
236050.211639677
292948.0089076552
292637.5350569709
260135.92951715688
152128.72858281358
282168.4392714092
311510.84227230726
311449.193560806
306106.0228186229
316745.9356558284
301732.2965834657
256013.95889489658
249643.41014712083
258597.64400669336
310453.3379846505
257678.67042925215
269632.80690745707
255351.3889271151
296762.41571943456
289600.4910532802
351972.28347053484
308824.8418952179
277774.1490110478
304794.08407094626
347504.4335212364
415967.5098287618
381169.5908798681
256080.2579760685
364186.6568233536
413086.77460411744
454560.2683979977
266949.52137718565
253531.49797514995
430369.0414357459
250215.64620166985
322751.0386355131
258695.18788270926
364362.23611686507
404120.4504605243
655537.7387784863
488460.85806531436
381012.56874126766
501853.9299986175
408672.53744626045
300799.1414517908
414408.4242370207
468592.2531805976
388209.3721185016
473851.3379239901
379260.1405816198
355239.61278511107
391922.14847851614
509465.5962418765
486521.89098888467
474136.8126719588
399057.7014441524
466785.9862432423
362645.33097517316
422535.05699203454
304370.2382514418
400951.4304557297
296784.1236414881
388120.8757082093
454902.41199074214
429421.9875922448
481150.93782053964
480341.31744524365
535710.9820566536
484757.2452020458
385757.6136302122
390250.4035150275
318395.1079963277
378279.38763012533
423989.8992332487
469861.5862924602
377559.00168401987
336625.6658131197
358785.5908655123
347792.01290880865
377980.99391734885
294552.8677084032
280706.2096311696
274610.744943492
366597.733712044
352128.9920766002
272181.9904805757
292896.16974053066
313899.122633256
274941.6246301918
305156.3481472151
344132.1564958032
278992.3306176591
329162.9356567729
371670.86162307684
314242.39599701826
367356.5845663059
348857.0543754339
244955.75382838317
307339.322016901
297881.9367082853
308104.95789607207
300213.7275029995
326716.93368218816
321556.32161160186
323538.61098104506
319700.46206179436
320897.6369115291
267615.50974309474
328663.86437888345
263273.77785428753
270323.0600492052
350317.33223520155
360384.7223726077
287833.4447766386
320267.02326034405
318020.47533713246
381257.41708505165
257038.02336453885
309711.1709714966
291413.67278943595
311268.2531048893
290708.14747655496
279968.2680812302
282167.51300992444
299281.4770270776
278933.1151935187
320686.6708530094
346183.4538801421
381185.42407251167
329335.8053012538
343790.40423816117
360407.8307340215
364298.26811747823
351102.4177941174
293374.8364155456
375042.5575452433
228848.46075340617
207407.8874638294
238413.36094134251
298966.16144628223
239755.6000118457
243629.39307686852
384118.57170045614
313460.49708449596
291017.52077884914
276535.5122856013
321409.8238851
334785.4696546098
367170.79257520114
335688.9407066406
337776.4178005487
282508.2300841751
303176.4090422832
283006.8220897572
286032.39304849773
298380.1712161731
244435.35101911565
243889.2295373077
249417.53658909904
278072.94429381954
320299.1996234987
338912.6284930663
281947.76638262405
330218.8744176241
240856.88968632324
291167.82422653434
211562.72212609818
271386.58699171804
230525.81432621455
230598.48128699037
277058.70111858146
240324.5379403653
258788.78168029146
245198.9397030631
250025.36265025323
272125.50728441856
255031.96204845735
346849.24806553265
216775.22927229846
275975.8485700609
206295.6721872524
234210.72421202192
279548.89070608007
289711.5066819419
228716.66763009166
244803.64065592783
249870.76799201197
259774.18469493167
355503.10181117954
238320.8930399128
229229.00661434472
289191.96654637594
300827.9622015296
245664.50818072868
243228.84904962883
343841.8897906595
212227.1236298648
227033.14967257317
263009.71850756736
303660.2955060643
329969.85792530735
296226.97777519416
263688.31142758543
300664.25838961167
246708.19835055317
283870.52038114495
305094.49386883946
261064.69969689363
291778.09510953916
258481.98437152462
281688.7820261095
315941.8540548565
184404.3900623237
228485.08937422093
226958.91849391686
235881.60921751097
200325.21616878523
260300.23103162946
301752.7921459981
245692.8521750031
265051.7701049672
243916.02260212624
210389.48694512813
237454.47052407943
244577.20111416906
202862.48216269002
191331.7133847946
252169.2476701778
239651.5848184587
246710.704881982
212050.5637439852
215820.07725776063
230371.04097265127
277030.61749095854
260993.36135581814
273192.1005676719
227534.84391562417
287058.34193821024
211835.74383190012
296692.09433850023
326967.65181323694
322279.29936331435
223503.05379014055
271583.8414720108
276692.7224903721
343674.20258829405
338634.24319346505
289999.68219410145
210616.28173318718
275372.3326110531
382729.6388735419
354726.21640407544
342004.88644314994
455939.0730676127
436956.2125411716
266824.0787615812
369329.4806458802
390029.4366945688
414334.51334108575
291680.35915419814
363672.33950951486
458390.12765345233
410820.22119400045
377992.43929486367
468387.08884592436
478118.65838394174
556173.7149130129
481184.97011862544
375383.2349601651
406058.6389994405
399521.6253317667
471790.7079022395
386042.78696638765
295147.1322894959
374235.81599285686
415688.1908389571
275581.64145798504
328561.8706974163
375395.48584212374
354720.61242064903
424204.61011747044
411028.077416239
466013.20350644394
307333.56550223875
312315.16771836206
340992.99961734796
245191.9987209348
255489.927611407
308005.89992258535
361779.4886331394
356877.09623846866
344146.58239446155
358352.99910812086
317697.73140798684
298686.381950393
296342.43740986724
298739.9734907161
286783.4693998613
334006.94058488734
303292.12009464996
336070.2763822436
266486.99682569335
293881.2933909955
303209.6011518975
336302.88814652094
387221.0892580025
347618.91712799127
443055.15801968344
311557.0345906036
482651.21937183413
391454.86053287407
518281.4567230075
396481.8591196078
362297.9868970255
428775.7445164218
328686.5994622168
203809.61238425924
316690.24023298203
261396.57285068167
375986.0714215607
285913.71286318905
331503.5765768554
352365.19211096165
418368.1888955596
585998.0903125611
350730.2481987381
290781.9910762907
270176.9350989035
251055.27879064795
463633.8564104678
472036.50516661815
52952.2183647841
343948.8788914991
486909.8642007506
535246.5489540813
497204.8975481437
592793.5160966447
532732.6011738761
475031.31947301846
443345.4015820107
410390.53066997684
373397.30712823017
465051.23369890143
525380.9459603904
574298.1510655625
602184.0737854716
400111.161841648
300378.63765917905
516378.14779492794
318924.37147415464
303868.7756326446
299619.2691999172
307023.74717929296
200713.7779576865
230741.5339501868
325577.0284060419
288369.5576111328
343292.797843175
363298.0838729883
350491.78109158715
369240.32149307505
364834.8931690723
419091.9388382445
413931.32233104575
319766.28420337336
254215.01109765752
361755.3420984567
316101.3823545786
347463.7991204472
368324.20868069725
351699.9000783348
363832.79927469284
308357.4088756902
300970.6440474433
356049.4815899142
271566.49038261885
244185.86959347664
263378.3506856447
259803.37917049328
238757.22226550663
287976.2555683017
254639.98856466982
258541.35086622904
277309.306605621
304803.5039747306
250755.74376242695
246470.8616658553
254787.9249735641
247903.17480504903
270779.87704908906
228475.11235717934
285967.6404363707
220296.06757577436
243471.13453912415
181799.71533374014
336533.9227237568
235590.23565045753
229261.76218394074
254602.46387044393
258798.0267817267
295279.620316218
254401.0053902393
258912.04521534638
232131.31343022388
276995.6175056624
184364.8969242759
241366.65048985984
242407.5937700715
201491.71353419177
196365.87087017018
281206.7109737159
274033.4318542545
272287.07641747943
296440.63200423255
330217.52099956333
315544.2875059268
252271.87727668148
264165.47865526436
245079.24198439455
244358.39987672452
263298.3562984714
282121.26317255356
222555.68467441224
279465.98716259596
276642.3299308107
245379.08401773384
250388.43948112527
288408.0341753048
332283.0395335306
249282.33462653565
259392.25455987977
290639.92148057575
304512.1414888788
301043.22673724947
284831.60500516265
237253.05627443714
278861.721462492
271081.853500595
259422.21343932103
279025.25529470097
307013.75318520144
269770.9287130347
275628.34078203054
235695.88037109008
219794.1571918337
235111.39198314087
198935.94147329885
239040.56040515332
322295.3082871895
350122.78451444476
316977.9259247489
264628.43565414095
217831.20877018082
153418.27964950082
253716.99328978627
209042.95867505416
204520.1385067683
235896.25377341238
264889.4319639993
247178.3143882751
271188.5578274696
278521.19864297286
256852.63327789618
194603.51244287955
215907.40260225695
256232.13314847942
197508.03742586263
230694.10327875812
259143.5651191535
280531.98177380546
213707.90721051343
253912.71926737708
179135.57096930686
186026.43902230507
227133.38039224298
132490.33293949306
161747.3562929552
114132.10433387881
165599.90924869888
208750.9727340828
269323.9915936734
206442.6763877501
670960.1570043704
201111.69430322674
299757.16547497397
666134.477383036
459791.23021530267
172694.3268546532
337072.902544559
278926.0300975149
305735.2788552051
259791.81036159114
239479.05988004053
243889.473862262
259582.31004721863
210798.73859327496
171732.56523614126
221955.44447836117
313719.209639833
353455.8023511656
299894.03162486176
3685.1843971875933
231440.4089560645
244772.80934667183
254010.2900200186
219186.47776408127
305041.1209253155
249190.1657629012
306916.9182838681
229203.0209684368
209742.27185512587
211759.6881306084
203537.82554397336
161029.64915906306
181153.2849663595
205560.65609891785
223363.80964626407
206905.07734835806
255182.44997393544
217816.6397824933
205278.2333971673
245378.2562238762
198424.80366793735
195984.42717386485
214914.4278367476
166735.15709475684
270497.2398829699
215565.11785064495
146273.15542800786
186202.11466856377
177562.54753483052
237016.77702456238
193148.99463668786
255869.03750419474
183502.84348201472
197637.9068701989
224193.76326647424
264697.498636825
211476.3355645814
245113.37172014348
280451.0903146179
240657.61778254595
242567.8909147451
244887.69300608488
180341.24855054432
195004.83738643187
184642.98857077776
199673.1561843327
210189.49865870987
229761.29050311976
179210.5860735309
194413.71007417655
208632.61765982775
171687.71639656366
146658.10514396336
150803.6865178235
159529.14880392552
153731.94115960482
167833.02799532685
168875.21119757547
200950.546326122
161038.44330981653
196998.45965203954
179134.34063888268
230078.43758104538
147772.77599456543
146572.7399289004
213623.5050338722
175913.91947974067
188740.52199799064
277476.2432634932
278783.4590449558
270028.94006225636
273168.1182699367
248805.27206301864
237354.12160283548
255246.0374397064
268672.7935378448
261484.50713315082
324121.0553223921
219151.19485923625
300558.7747394414
290097.24852341803
351097.3665784185
355383.5414047284
309296.4020355535
257565.26997495466
258625.76379736568
380776.4866966083
344751.3150857714
246056.39417734087
295816.8671019863
276132.6634144692
302701.552866268
271144.2404447694
240324.96139778564
260072.92073465406
282779.4328077279
264069.9858139742
294320.24438634585
474196.4551106036
293399.15092657285
263224.5724273293
285002.5924022987
243953.58520088857
279996.7608231021
284075.6040975811
375314.7141167369
321720.50043323066
366126.6635161415
326165.9445080274
309293.5300943777
251782.4232182459
318432.55488537357
314766.2699563683
282309.1344647634
304900.8019332
305497.5470802871
251207.72688246352
246811.1334088671
265677.64406215824
213725.5055171688
216806.0053794563
257051.24048644773
242177.98650123534
232941.9802059011
208568.52910515747
202112.4199832929
231563.1669346695
290388.3619567503
186407.52761897576
300507.15703057183
217135.64104374623
235185.60572598147
257265.7727505137
221967.48534331965
219452.0153845587
195419.82513341942
246972.75835164223
249284.35672666642
237762.275714882
259119.0447868149
200733.8508472541
262574.9689109785
249984.73288348425
222023.40806106612
216315.21364635963
262234.5668879651
279670.1323328568
282999.953669148
187100.41003942525
272123.45888289844
265891.2402807587
248482.882934597
311085.7225874304
274534.1041296314
335866.7257085279
331724.88607383275
277094.9884694861
286636.5254857672
281022.58126452175
209535.370806496
169900.15963432184
262045.9812100025
244537.57096822475
241102.73609983543
193757.08878019312
187040.58712662567
220725.176258471
271024.6061656045
207321.42247904956
249569.62179365364
207149.07501953928
182099.27322279973
144861.65111203046
-3555.055214286396
27820.957750598987
55814.41071298596
27031.590361571623
37431.84582989407
10624.253615250229
75470.7549288598
64914.7020551171
51034.86815359623
23536.066700246258
81198.48546154892
59528.88714961502
90669.8177460066
53103.48599007933
65685.66005640899
70863.8189897065
7589.308148063232
75736.96016293424
28902.453335281447
91981.53654788408
105741.75534343152
4001.4302083080256
69139.48556016135
58413.26088250088
12891.890937345946
57908.19024619307
91156.56995640045
44055.92768479082
51663.87584936542
67985.69790492461
94017.30930266739
46315.276274301534
-395.04106910138944
48358.76235961792
52989.05811624647
42072.139629476274
135762.66848650776
73406.05541932299
33637.8415186132
38442.9229113228
98730.72202357008
47732.27897120654
83168.40409311629
12644.999148896786
30455.787860886136
57723.2102906565
32534.323374260952
27015.386541439497
24272.490607933403
34217.770673056904
62455.044415408236
63971.50778112421
26138.8044219796
81746.23409691076
83092.57434736923
47378.89703603211
30382.554179284234
37824.3710604494
16180.622008360202
11434.723188416014
20391.498762767995
16019.139294022287
24225.990092809225
14037.289037726878
13033.94845155369
45732.52441593635
77963.36403388872
20922.76598544266
74972.05253612279
37531.54021784305
1465.1740564895226
47690.62840727641
87118.56948078975
131275.67349888675
117965.05900746785
12643.19944730941
29329.555878176667
14057.340953764222
30458.789111120088
33379.281726697336
50579.35270119831
17179.73330825124
33433.19223532839
90011.89450223718
52087.01637847776
59956.656277369635
14000.373738130445
15321.569418907711
75802.93996529079
40712.62674240698
34744.87311928803
74910.10160059978
34740.21730573104
53084.00216957557
67793.28601584522
54358.660868244544
15683.322015958001
62003.526512362034
125645.81676083512
56433.25694661899
25457.963519552577
16617.436176229472
61491.120808698994
40426.07557511609
5725.830741146128
32962.11735447319
31043.814402533855
76612.08268919958
70366.09228127539
33548.92394036042
260.1612423623301
38561.86471696349
-19207.433094384774
25576.21205822614
14012.932323239234
2364.460152738553
-1863.47431568912
-2536.7685585177824
4060.189825804642
3841.8607619020477
15780.60279936652
1722.0120081148489
2828.513222383117
6490.533320352653
84469.11119141393
65569.93727092775
35580.41733283301
19793.332492106187
-40204.96186952571
-43366.01138264092
-16083.762365373244
-26323.389387053598
-28112.996698646166
-25060.282365306208
43403.792785621015
33728.37483006029
26686.780204832263
25838.69615746486
-6303.671267588856
12931.273496000736
49293.46645497909
3655.0245854901295
19137.94682168003
-6178.811771828405
8648.013141841904
33426.18522614478
5611.800062679991
40608.42378258791
3084.962462895215
41537.42717666086
14644.800522518446
36321.278209376935
-8532.79062584952
-28543.64474968525
-17476.363428105455
-16374.637239909236
-130.67500052087416
29193.637749176167
37257.66305608448
51433.50824415713
-3465.695083513041
22650.917508533705
30354.6034207755
-64360.90577633179
33338.731557391206
222944.1402996016
205090.59378065896
182165.46375269914
167442.05130792494
204721.61540508756
182855.7982175377
168451.4284253721
172896.44580001992
187547.86734043094
199308.30267863133
155888.91210742557
204994.0922391359
230240.50693601737
163034.53278352323
214981.78065153898
141269.2887380902
158886.68123310132
156615.71527726747
116744.09787649478
160280.63789662305
155276.98057578848
178723.62012388496
182073.99504586007
158707.69543607306
168054.92909310164
179700.68837292914
189283.83625973974
153845.67586448215
164406.59004561676
232653.17079566565
226622.52234243051
252365.68460049626
201310.18609173672
220521.6635094495
228142.43639112916
215299.35157304275
162276.9212412143
175323.44059453206
171464.50546273397
144691.89286565507
143085.21757608
192546.8375467105
186879.32283563528
195539.4869236619
169938.7779065445
180234.93621418695
208102.18370614442
173513.00816506206
185024.36042425534
149840.38322006125
180381.09087477415
162642.08058925474
168859.65410780557
109609.99196941595
135643.4720169013
164556.4622663213
206528.31849408185
243871.5709489775
229762.74095452874
249110.95911312557
279698.69401416194
235485.03190137865
208758.91864984352
244739.59497547435
240766.4745156475
205657.23404562633
280996.57611928205
190617.96475345403
226838.36665802827
124056.30438457426
174471.4521039682
279752.8354267305
343624.74188928626
318159.3548391003
218906.97546606392
208690.26664891886
255526.1464281612
205232.46125604078
191530.62808966503
196152.67122460555
273965.3366514215
171613.43848169094
226194.2191770819
185878.40536538413
264126.051312267
198889.39943685575
189101.39477974345
141238.33815789642
134532.9005661838
187402.47469479244
163172.12526091875
164818.5511797382
166749.37537645287
176787.02708237496
153023.2070837986
284374.7222795716
158170.14324508113
152726.79155953447
165770.05701971365
146830.85530354962
152825.64393889636
197589.72454035623
141673.22376120073
162188.5492542453
140221.68097173082
156459.8092084191
154734.4872826856
150601.13780717753
157720.56191549244
164062.5708393531
214724.2999447689
230571.62561073303
72759.70000878863
124577.80994978985
158904.56174854416
151129.09621095867
190648.80498624037
139561.03894491092
139025.39702357538
189895.93088149012
187815.99061270698
159665.33465541556
257452.05667301067
-24034.407964214523
198615.819150005
140188.954367379
60784.37755476269
196356.1404826718
194332.6048725469
198499.74585193477
195053.58296834747
163311.60553194134
210086.8746289505
182712.38148854455
134195.45905878002
232411.82746705125
173517.2712234111
227456.99159494665
173042.89957257424
218075.6728181608
161047.62395978393
187113.65857272552
176695.29557997631
212940.76275493164
103050.52534623112
124025.10146983672
137971.3847514764
144985.61898880824
193261.63233931304
163524.43298639017
184694.8001653474
293330.82174475526
188196.44410966412
166478.97806944748
191137.93296859847
180900.7528927062
167908.63136834826
140419.0858655276
184651.042355974
166378.3138235277
180138.9763125217
133122.13564800055
173189.10147375695
172766.97617060522
245909.70666199306
248033.64201390612
230220.78377631167
223599.47003072686
255175.19681857168
258853.6857822747
246533.05826114374
187590.43557637627
127086.53167586462
117387.0587399158
158820.98163295223
155305.25181368468
140085.8906531986
165753.09763376875
158127.415283006
146747.76051452995
157047.63551242877
157671.88204536278
147011.43698176582
139447.878100892
199059.25443441313
175786.00366591467
149457.8137138324
111966.49878450883
98490.98808624885
173112.27326574273
125948.4400977755
162940.43115733765
140059.26552963973
159812.7900073181
205162.30077848543
202554.50865025743
229399.27466076703
193185.7887243222
198952.50878960898
196544.26370275405
224252.30068831204
152368.01208273327
154257.54226662073
204864.82974739088
262557.03435711766
187448.60903262987
227806.88987486062
252288.8704363731
175289.4888977952
184736.64753278176
169736.0815023565
154264.33918196728
195946.33068019495
222490.4924341456
206702.3557156498
183729.71649802002
184053.60127211935
157876.3832371705
155275.1169117327
193118.11384428578
217189.0108679512
245403.6999562044
220283.79669471926
174090.18654222199
214443.27728504734
227103.0780573352
173371.44365185662
174630.51505366428
280005.28902531974
239184.41741305956
220671.32307347146
243840.23554410064
226203.62208205168
188617.89387496028
214819.71261113457
216274.48579755652
225008.7297186651
175127.45802852843
221176.43467401617
238901.64350792917
191769.91428371944
245325.0367516132
235059.28655872436
147177.49662620452
170664.45314290765
201419.05341526453
199729.47291563574
240366.81304636592
220524.96151772444
248875.83341089473
291490.10637254675
226482.6647838208
209302.74267536966
215612.77990719996
214927.5503800641
236113.69946734444
192094.3360501082
217634.8600034882
241480.53205660696
243796.0256036565
205065.16074028547
219397.76439276614
214466.31957975775
205331.60009778856
249712.2961989677
167680.13128912324
236326.56906508945
211450.74727498624
141441.30914125766
224975.72758705312
209152.34298884028
203485.6227785354
166046.9520730413
224842.4121016509
219476.14999995
221608.66130664834
184443.96937559685
253345.00829089395
188884.40966539714
168716.3703262554
162046.56506360014
181761.94929652836
312382.1927086682
219760.6998216795
172752.58365577378
127946.01893555306
166977.99154429857
181516.66959945374
215814.3283384404
256969.24354700683
205436.4861956293
196922.87535015662
234459.95672277105
194396.8133612079
240551.82631565176
199066.0434766091
204432.26326360065
196051.66860269668
174448.0611566194
177467.26491094337
108344.89473498073
115373.04170459181
122607.62589564928
166118.15633952455
266518.0438679422
199219.29623971524
222515.15028531197
196394.71271950018
311413.2502741408
261592.52970671927
220645.88285031315
178669.2855768663
223780.2647917436
286139.24041471264
176131.17947099896
269621.41794951935
216634.88220925207
184612.17198692664
206686.3306237302
273994.81125491514
165324.30482793384
217653.52440730907
178493.89980593632
191243.35016226696
176804.0504557538
221278.6893898959
214339.11645659042
170536.35082025512
191770.29041960227
192614.85028639174
196926.13625249948
215066.05418868834
206352.97512890375
142241.62188426443
189372.2422827634
162441.7053214895
140940.99392247575
135295.24608541967
133856.41932311293
124711.45745918612
135499.12928602265
170910.74202089838
193827.93885320897
160072.65202090325
191301.02038697735
190838.02688735016
192217.780256183
209620.27264803438
126445.2394716123
179482.18346604955
244751.33306061663
165307.3896984863
229625.50274314068
164879.887208858
151011.57731355334
215506.74937893226
254650.72691506008
258904.84108786163
230145.43087216915
280796.48016726226
317952.3354175444
285877.47448781854
198171.8183844364
173835.29936938453
194913.16908568953
205169.71152528256
175913.89677958275
221781.1363349724
294900.76630362147
265577.4526063765
190543.40815801092
298398.5689979427
225359.40167684824
264325.2871805127
249754.92196579583
243864.0794596839
165033.4095364716
177299.41255596225
160480.01787963937
250001.74529393602
192210.76867556173
191087.2792226877
170323.55477661596
160528.42030724187
209605.57032519707
215816.19375205212
237006.27442230497
159779.36500091892
146514.71142885444
209604.4284759337
195771.2499664305
161820.19085565646
193790.8052586095
212364.39665036142
152095.5888775315
180311.6745210817
189253.13304414865
156252.72664269182
144127.952123658
96861.63320979898
191171.1509341401
177779.6242252406
199111.12175102415
186396.09011095203
235140.46286856412
216136.3711939506
206205.6332983142
203284.4524173753
233524.41934195982
160587.3815956972
144170.63180940007
149645.9403496625
113266.0136072368
145656.99287203932
217308.96410240995
159767.48623671688
161401.50577560993
183855.95586475788
154243.47598789353
155545.75650988132
165908.00262356573
191007.5087722466
166394.35266188343
178449.33007399604
207457.52180790418
210962.30900371764
194479.71919397506
202830.6407564107
198946.7151580502
220765.48616105723
215820.65590507805
175091.20772970034
219398.2811581262
156545.24981130045
193890.08512640305
240701.21279882375
236213.72838918935
254588.07774006872
237085.06183269137
237657.31463808074
210207.39257346853
254835.86231074904
251439.5665809316
220853.5036025655
277617.3038670491
195253.7919883996
264145.48722360504
218207.25066774833
235106.97224753187
231057.71966497754
203535.92014656332
184796.67695244352
222690.5889921522
131725.4601200528
207081.94738121462
177702.13322055747
175104.99730296538
191304.70343922309
218781.59090737603
191069.73419205289
216966.11002810998
204055.90331037005
157914.70091356055
239211.6949650713
204741.22274125612
220980.07982782577
182032.98265425296
167533.94668242303
196076.54036586118
118692.94216826408
178365.19970455742
183514.816662057
189815.426750756
162030.28439630603
203765.81581059232
169504.9666337777
160156.20321176265
193111.98581865922
198895.72984272352
223289.7192062082
216371.68005432613
235786.06968992436
254318.27691468515
197981.6880936226
169265.70337988235
185496.36941823026
227887.32849987078
209593.61880283873
171219.26214582293
173442.6036003952
193031.4708483668
181437.47532952658
179929.13197066105
169949.08040175503
241530.7946869161
176531.38450782397
222116.51771164252
245707.60999449954
205507.85672824233
166087.0406542836
213612.7699410878
207314.76370078334
301091.09786760074
130069.54708807004
128843.03863361885
149805.10799119566
88318.45781386897
128190.88459603014
202685.27088770323
130366.73751898385
143622.59188423486
142792.93580826474
96801.94555508389
90763.19808005285
169087.190226877
104009.43675638566
69973.6649242801
82898.65707502527
119722.97015502266
129015.22191472484
101818.48582048905
67788.1202784753
131947.1821006185
108557.31906612824
99451.26594334471
71159.09979001599
45212.79065288509
116235.23505767129
135556.44561941104
102628.6853952856
120499.830433822
115463.58937392551
86895.09247032928
173595.80081895998
105684.56492319699
188385.63059639354
144979.85414406715
132035.71700590287
105913.80352757887
73457.24915252591
183390.67626313108
227579.44916841763
346868.8161495861
112199.8365257954
188394.01883275766
157423.34270024858
128520.70443449912
141147.46911845307
151989.06949210743
179420.6338279762
145072.8328389178
154604.5322850224
164019.91959768956
179776.51605503133
155129.12352716
147565.95817608276
126471.87592608054
121711.8023728355
172038.93773170706
153569.58425339666
167056.36380655764
168943.64473189012
165754.9871483242
138163.39944908168
180981.1231171542
22015.629691022154
159657.0126388787
137417.38070683464
234536.97556707222
284475.48123576556
214720.38390388063
162343.91634106386
56952.02518872353
81804.48868122307
109894.16504645708
153222.98180823826
158192.01686061043
149907.52417596825
162731.08391339568
103783.44976780417
158426.81981905576
156045.9226860484
176598.08580081852
176406.01227462548
163908.56968698656
196528.6370485698
107141.48930526084
119966.85648271308
204264.4751538413
276714.8275690321
223682.00795176823
264535.05688956246
134254.7078537977
136453.82009933665
142935.95524704037
136406.49687417055
124632.65492922705
182306.246782698
153757.8062886272
113335.23501875959
92016.25937214693
151790.48384161104
144038.30606985633
122492.36228412118
151878.51220640677
120499.61004114452
178728.43603923768
112027.4372942492
145493.08006778898
152688.55649584733
162203.2554743736
114325.672263616
196866.5506642421
143847.2229442256
120680.6130357706
129416.81477424907
94460.53241331682
105346.08185164203
128728.85998994687
155680.49890843156
129663.16790303559
158695.50601235285
130421.09215827973
153256.047102484
212739.33290605072
165821.49089683936
186213.17024556766
132503.54516039573
139520.3092086589
132608.26601896604
104195.81727258593
156036.21141995525
95333.41309211805
120593.41478295426
118611.51399928502
129411.5642931512
155773.60688678597
160532.93280395892
102907.82030515975
74235.86917670225
87409.64368540255
79381.7098674357
145875.18576985374
143844.2113170612
29356.310710556325
85422.56716402245
75044.66656259814
61443.51563685521
77887.72224648055
146033.65613587498
109935.925005273
54993.99190675918
54162.414416480286
22070.928679883727
90329.54613582283
175585.7402055619
147445.10005096864
122659.6658366124
316738.154158086
156591.8647636642
123182.34759771626
100308.01008883929
121622.81593077171
88295.04675901712
104648.45702645129
167235.60105349479
72337.53925263978
113969.7950437899
113551.80029446847
132004.78745151864
80557.28481662035
90918.25183619875
162853.8471842874
88259.54339621618
82940.22297164772
87497.09673583084
92847.02543251561
92940.74265898294
86203.16780501202
90532.07780299927
85793.96882215637
111210.07555076742
69815.51725550588
74269.02154469243
120188.60374413617
99299.67771808695
95211.77618434762
111205.80937107443
73306.70535966309
156867.415678485
104501.46264760436
101207.13647865475
148700.3996093923
182313.0942384981
96460.34472085557
94019.87791803056
141090.73948163967
149122.26387031615
107976.5212269991
85819.04291694696
106198.24759797142
154200.15471915598
67993.57777438745
38508.84542406052
60550.8595600505
152973.09133891098
125760.09137917755
171028.7654943197
121120.93050023983
81033.50385012163
68576.26082561543
48327.05890857361
234452.09619566234
99400.93683431916
134413.77135065413
165119.3516980747
157196.3219491002
155113.95782659517
150023.1751247624
165572.74072673745
205460.53978370418
114169.69389358624
185127.07604405272
101860.37478491053
145891.0416945784
121179.42528327441
77655.66419865267
84698.91194092733
143141.3612748087
123430.71572250864
97000.36829035959
101606.23964565565
110576.66082101536
97849.36813971482
153002.7032487655
100513.27142654418
151966.47824508447
154782.47228046416
110728.3889467442
162661.44540246128
209023.66357949586
108025.95965534486
136925.81546380054
60877.532977724375
151586.89337258096
159294.7930804261
163654.43899962283
182850.95872678846
137062.09740176325
203744.1147457745
107699.98550634099
133114.35308776345
86121.74211286366
145926.2879790447
137035.557343265
141359.56844423182
127050.61504542631
94833.74234654194
219197.90274069645
128536.57661261846
109871.36906859993
124855.48311135395
152091.9858383509
113058.56430573785
139179.91211551163
122334.66288114418
132680.09372917569
99694.70232304912
84101.62790189985
249590.54352714153
145600.6486772973
164963.7486412383
160234.23681532597
113407.09092946327
129000.06929794875
159160.81964256818
113079.29504463746
138896.92659495745
102217.63957939205
86674.44351728699
82353.96746255405
101715.668163567
78057.61928089468
103696.86375963458
139081.9782419399
111502.94762589643
73336.6552001157
128792.4987242981
106909.45528718844
95527.92960322504
148506.84817087723
178042.72245166363
205205.68149474115
187828.10299743185
152240.21795270877
109786.13090357343
125176.95985890635
160586.2721878754
150930.42520123968
145792.61882246291
189050.79636183073
105347.26823175576
65848.24030204618
188047.99438717286
68250.7041848561
43718.518249189576
69149.44019769854
113406.41673241375
70637.06220947533
99892.77168886858
73010.0259730915
62814.1005264823
57591.933370258404
69964.54600742352
80646.07885425349
40028.98189431104
125828.43719907528
97825.74040535378
36132.290277683285
1027.5504488900697
138787.1345721636
155075.03890184022
98875.05910557078
127758.99130201616
137986.18455117953
123427.58218847003
109007.4356645761
82817.33681539254
132447.8858294809
124777.03906619287
87801.20358129383
150639.32152950502
105307.12589884672
136811.88604743744
118630.80935321053
54883.51894745439
101804.69614044194
107936.1575134185
169712.5716156101
142194.28879679757
32910.007638681156
38385.46226046984
135806.25969424017
35929.54425903563
72633.93777347432
81994.13125802882
127260.0097294876
86488.1007943707
149031.04918875665
70203.20584231534
101296.13678710509
60707.22953950584
112761.12802726279
87115.36048748191
102713.68771022654
59191.60439473421
104013.46055093892
44133.844554952375
50918.33554173033
62606.93377831321
87237.6093154492
78950.03386317447
181135.3981328776
55764.82627061157
42534.76101893419
63234.0345273811
77437.64311211224
86548.51098147879
20183.885045061557
69625.06386524433
66791.65730028291
81695.00788237805
47221.2432402366
105402.28131305278
118869.51012026484
37175.39188982128
61818.771068862785
43684.09992754005
63035.97728781862
81452.30256435322
94971.90641929534
44964.13271430012
32510.73219860931
37982.17069455705
52000.52334525899
20512.59948729776
49494.19500178394
20249.558291419795
33100.629887421936
55302.02014965008
25636.06743755677
41404.63167433232
52913.62564581944
23689.344488806535
72784.59295911744
58623.182306143884
39086.43615340051
55769.235732868925
83105.38622951409
54215.209387646
27950.123590737472
35647.308761407585
26178.12321757993
60642.332150442206
51148.43258950405
88715.02009409394
62993.336554744805
90592.3741757807
72045.8738623804
41009.645353600565
59787.90402914639
32043.894786332516
45906.25616968625
62419.66501884385
7070.318819120286
78704.6439088969
46895.212413525776
40743.65126260999
42217.508412801675
52855.98504633004
21869.521823242172
37144.063090641976
59984.42915283673
45936.61175810258
26192.82417363519
2196.798299670554
38933.04455937615
12733.529559398896
129202.84666301616
97460.51217791374
136046.18363685795
36775.17027540715
128416.39489012821
112588.53762708005
55405.27919105644
47010.15736364403
119610.63853602276
145575.8556915143
96865.99656771967
62906.53418370565
60936.25685700479
24354.02746598961
85024.38742984226
31734.153046702675
91883.95682110415
137135.75856952186
71036.73892093015
94290.66813425382
115087.77499088917
113861.01875173891
170937.8170073555
76508.4731995638
140824.799809327
111087.78258755934
117769.2617980198
80779.3170012089
45000.363703207906
78773.1392325377
62042.70980545384
97768.63735659246
64456.147056770045
35107.21318296284
45661.25808716861
86441.10036083646
93842.3541713823
68881.50758036095
39384.33608915741
52972.322702259225
43335.81221297126
118659.3460760054
74177.25065514536
112716.88450513671
165124.4753669686
64876.1707777984
78348.69395604801
60850.21240765135
52563.944756414
77126.81435400367
90723.3596317917
73737.84612158724
61314.324937702186
78137.88116212784
59096.53754660238
83024.27978207229
55763.44212613031
60967.38317092435
124677.86944027345
214429.36759549516
362192.15598989115
188504.26280868193
167944.6058311227
169857.23455462296
126475.42427072718
131270.41554513472
20176.101640302735
64819.08522118951
99416.37815773336
50135.34853909601
32763.730528384167
127102.82390073819
215833.526649722
129485.67742235951
109742.58511936752
22264.66141513091
96390.28451896894
113117.54235349101
109784.03618105024
104510.15362267008
96557.90674531378
122794.45915021903
88847.43969639881
162858.23944370545
68768.41033685941
64810.36746616749
73363.8631947202
96276.50316886828
48857.084440694176
66668.34296782502
58679.21261568591
28678.54869966479
112735.26764928314
59813.49888285159
66424.72868175717
71019.66903735319
98294.37572051631
96707.8027149356
139798.55596511276
152595.97772038402
176902.3180517768
123005.63599209662
116356.09447426905
147517.76014813513
140524.34905256392
183310.9556425405
116690.1169999397
192099.5109398668
137740.73133532197
160896.0785390431
102767.09131459636
161809.05364332793
200490.75734594066
210904.25381048842
87638.64832805775
156278.15305122972
164830.2609961761
114321.06503251372
137493.01000119612
197122.0829820844
116706.83567110324
215151.09162072703
160205.09472012546
131337.41718350907
163656.27927108732
202439.82349356735
119446.8159810032
124335.60387094127
107214.55659152358
191670.19928173375
140980.3342021301
106306.36433460342
110857.57587401969
101542.97506690005
119004.7457510508
97408.92175193947
87666.15120868049
99044.79249058066
92901.48353061563
77281.70531956796
87084.13029856829
65560.8852131517
68644.76654118748
149951.99146765523
143497.74108915904
144132.39440150664
156107.16976988298
149843.58096263572
52767.240523441316
156805.18259576193
137270.99094859086
148150.21839828463
140879.97079206014
95289.33561601501
108742.18511725697
83634.70169314597
115701.23234171001
113444.54999344108
90483.54151408898
146230.50634326346
89682.3892962206
72530.90590316636
108642.19054548968
47454.691254493606
96069.1794660334
132960.24568870568
134950.93099028664
115052.83871107856
96033.58857596519
182552.40952515713
179150.57223003582
98321.83868297814
99408.40027299809
82269.00304926843
70766.79849565121
71118.83041089553
63410.96233833108
128577.98912831381
96847.78340235501
93708.33100247629
131495.15876777543
46274.76378669825
121529.03479712919
97463.72775561742
71665.32492147354
96655.54974993369
107019.38936142196
37022.60380452052
118965.09027902773
112042.97731513895
94316.8323561219
79232.49299503169
105071.66919188012
107140.87490250148
70772.21094832504
74097.31657678392
174362.31758341764
77582.90614228907
121998.09144183093
68900.5743095465
60765.392987712505
88411.47829188147
66832.43853176477
90756.71260977091
89938.10571315681
108737.78813893121
126935.3451980699
111532.02583202551
96178.12994470878
133307.91394387744
114655.90187509179
146017.29640918423
65884.20286797342
163812.04274868662
94860.7961318215
113865.79710750983
76336.44974521198
86889.01575168158
128874.58200160164
114243.12932160951
80277.36497079958
112658.72953122025
137201.226105745
101532.39979765797
101523.43895438206
76432.70132916968
82424.3824455681
97893.62980761303
102147.47340064947
93602.36815043267
67726.06202558932
66571.79799483423
109539.12390025078
66947.19674949882
179963.14284334242
118672.33204999194
95890.50364097752
59110.12267314707
64054.47476159656
90694.37068492325
111458.96050723783
75118.00504389252
83427.92833340804
88815.76227822277
85307.1151232076
91315.24328329845
118229.2052502845
57564.31407900447
58921.093041699234
76583.95970258051
65481.30585416735
63563.931271665686
113858.19998449663
59882.571840301825
71587.07894826964
152864.11514955535
79855.5889879437
119625.47676762963
92410.9400532724
92730.25900729952
69619.93752264469
103662.26384537897
70620.50974955509
100947.97280081893
124926.17795201816
88794.31189931548
82528.70884705361
75674.33884431176
80025.9090966649
75421.63045796186
120677.77860253415
114557.46494915901
93656.0024949614
115080.95977848476
101311.75895378855
86691.61461170035
76385.12458159737
107015.40781356864
96473.16518731296
123886.73237374173
90525.53444628084
-1924.4166668327161
141266.14306966323
89546.70088607408
123064.18376913256
103587.26319324964
81705.65242735072
89980.92466312711
57753.08059388036
52118.580391953496
77450.01942770607
97523.77314220421
20394.48299153117
107136.24781130285
70066.12376575932
79277.5553235726
92747.29731483647
143145.8948223831
72607.81061040903
67630.58592819679
199457.0593608544
126933.69581976946
128270.66316729388
89404.4677891862
75874.00387934377
90194.19290226552
92651.53363391466
69646.37568782429
122691.57437202214
71640.77634184007
152762.01990594558
-75133.81083501973
204232.0315345892
137050.2941179328
161702.54315782676
306742.8130221423
250383.16160693107
254482.71342347155
183185.3686994297
191470.22293242445
155989.99961209035
234370.66329930082
189423.45679261207
148656.69782681976
240904.91254073585
213127.60871582833
148205.01464304433
190249.78646124323
191285.396837146
295653.495052246
211928.0836629409
173739.9804802838
162146.36254638218
160347.6620587105
221479.60058314382
195657.26445788733
193670.03175514832
226035.29803219537
233939.5243153215
196589.4727492417
208208.16542701627
256453.50432780548
237058.65604414506
359031.0533996107
301957.89310705883
275362.10847897566
296880.3093388685
378011.97532625427
246534.71279990094
184576.42922891874
202675.43461161025
187962.75241588813
566928.9151582683
194982.77343331033
197506.53136280223
225697.2747185619
210617.53689200262
275860.872028762
226920.68590062464
252043.08873362807
274134.24022752326
226497.8056054236
295570.75376227335
288955.6766148194
208995.8850654563
272515.4972369718
295921.0343168537
332810.69453286636
213596.7798796093
296773.75993194367
179352.9970774906
217216.45436442998
244040.38002250023
275327.4443468894
314443.7692703103
162200.05093208537
285076.49189814995
306880.92525956925
261922.03513828648
312557.81756356487
240995.05779842107
184970.81226511355
274394.1517870609
235746.82196032626
228090.61600373843
219919.45826364358
258443.65319736462
278235.42599326395
289347.2205271132
243883.00626186797
274890.4082591158
295055.4172160146
